00002137
00002452
00061567
00106091
00154781
00204191
00239645
00281430
00320765
00357849
00358101
00358277
00393969
00440766
00507669
00557350
00597508
00638164
00688166
00731217
00731836
00732006
00780744
00835531
00880326
00922770
00967999
01017938
01057417
01104161
01104617
01104905
01152116
01201078
01238861
01276664
01305174
01356573
01396127
01440446
01441102
01441222
01469113
01499759
01539775
01565092
01588811
01613067
01639151
01671709
01672013
01672168
01700098
01741606
01775423
01803274
01829183
01855312
01892490
01924944
01925358
01925812
01955838
01987057
02013810
02038707
02062194
02088588
02117748
02142701
02142831
02142920
02175170
02202154
02231675
02260188
02290920
02319677
02347180
02371215
02371339
02371664
02399448
02424608
02447802
02477236
02503103
02533630
02564145
02589174
02589496
02589682
02613464
02639967
02665841
02703626
02746212
02789221
02832068
02876762
02876865
02876975
02920723
02961438
03003625
03044572
03093470
03136082
03177098
03223838
03224798
03224940
03270785
03320935
03370220
03413250
03459651
03497643
03540609
03586700
03587265
03587677
03623755
03657065
03697848
03733328
03775502
03820446
03864357
03903968
03904633
03905025
03941166
03987344
04030202
04071974
04119846
04162518
04207580
04256815
04257136
04257583
04304087
04344878
04390102
04438879
04483494
04523509
04565764
04616711
04616888
04617008
04652956
04689676
04723223
04765119
04800980
04835716
04867817
04898205
04898379
04898528
04928594
04967454
05000930
05039183
05077791
05121671
05157835
05204969
05205304
05205400
05257118
05306487
05398612
05449598
05488053
05541807
05585726
05627128
05627336
05628077
05659525
05705100
05747345
05791945
05835833
05883323
05930317
05976058
05976269
05976455
06021862
06081695
06133966
06196889
06237839
06279437
06328855
06363708
06363853
06364025
06403545
06444705
06476089
06526612
06586203
06636668
06685042
06715976
06716084
06716183
06749154
06793148
06836640
06881632
06917524
06934370
06950967
06972167
06972324
06972528
06991909
07010028
07052146
07099402
07138578
07179737
07218048
07252762
07253115
07253354
07293480
07336567
07372977
07405000
07442134
07479682
07516659
07546254
07546493
07546643
07585586
07625337
07672475
07716989
07765071
07817484
07869421
07911937
07912035
07912140
07947852
08003822
08049708
08102450
08142975
08174571
08207222
08253542
08254123
08254321
08292764
08334069
08374056
08419785
08480074
08520025
08577564
08619593
08619810
08620012
08660590
08704396
08740103
08765720
08792207
08822006
08848525
08875937
08876091
08876252
08914238
08943796
08969510
08995681
09023035
09050049
09081098
09105526
09105689
09105793
09127353
09151364
09174555
09197913
09228222
09258801
09290508
09321006
09321173
09321316
09351810
09380344
09411546
09446257
09477017
09511136
09536048
09555233
09555346
09555495
09582200
09604512
09627401
09670694
09691158
09713788
09731966
09751584
09751707
09751855
09768473
09804677
09845476
09882745
09917559
09954565
09989825
10025999
10026173
10026496
10062498
10096886
10132841
10169240
10202259
10234060
10267577
10300642
10301243
10301334
10332897
10372747
10409898
10451671
10494535
10531794
10570822
10604305
10604529
10604669
10643311
10685698
10727453
10759674
10794424
10836248
10860365
10882720
10883036
10883148
10905974
10930521
10953409
10978544
11001565
11025046
11048442
11072038
11072181
11072294
11094130
11118213
11141630
11163590
11184960
11206346
11228907
11249791
11250011
11250148
11273238
11296961
11319765
11341046
11362613
11384238
11405437
11427043
11427170
11427297
11470244
11515038
11563715
11640467
11672668
11711081
11741806
11772443
11772637
11772873
11808851
11839823
11872308
11903606
11938942
11971521
12004379
12035994
12036309
12036903
12075542
12114402
12144258
12173741
12206204
12244657
12276842
12307505
12307712
12307905
12338280
12369035
12401612
12429736
12464241
12496541
12530848
12565737
12565934
12566140
12597200
12627668
12656716
12687130
12716736
12748278
12777875
12807956
12808124
12808325
12841429
12874466
12905020
12936571
12965350
12993578
13027955
13055315
13055548
13055713
13085438
13119721
13169167
13207444
13235711
13268717
13311025
13365819
13366301
13367224
13409173
13458926
13507473
13552521
13602270
13663013
13696995
13718998
13719116
13719239
13751538
13787347
13827946
13874062
13914741
13954178
13999769
14033619
14034107
14034398
14082625
14127700
14175651
14219421
14268887
14321372
14362499
14387622
14387711
14387971
14432050
14466215
14501727
14539235
14582491
14621938
14673375
14713139